998999
736405
615403
562675
114972
333392
572469
107173
157148
707498
543352
739202
450344
75443
87848
868830
937370
730643
556649
249557
865796
265134
264205
706468
511008
417501
286011
611188
870884
298650
105778
541770
863683
587767
358986
49169
950765
650834
487045
761478
824256
749247
893715
174872
643771
135990
744818
882788
443910
824368
343081
865885
802477
406888
221838
105432
933415
18731
824742
492181
559298
50734
542441
873332
605954
903570
67682
378890
96179
96900
167228
984927
170277
36376
74123
912864
184489
537771
504062
215072
820282
946269
237867
736754
762155
434321
86214
492042
13853
425407
902345
86559
625859
425293
215111
220391
379063
437259
41460
902681
