539837
937946
605762
408058
581099
840740
296331
654013
93606
956842
327706
416949
176810
749856
142063
687214
468071
900672
604426
907720
683975
25687
719457
385322
471848
882760
411490
969036
357793
236912
898108
308172
240772
249847
570035
910772
922816
369287
369662
510547
910096
598375
713833
406721
197146
143410
66057
699453
137927
431070
616407
919468
898631
416559
385679
486523
991294
964491
827693
541005
318434
546139
40634
210373
733268
131746
79726
830253
154640
619540
218114
271343
534502
599342
682661
19973
189501
950352
110599
10692
896826
406289
568557
709138
118334
479747
386467
294474
200348
757734
730562
359715
428328
785907
774981
49208
900056
682680
469335
617362
393524
397820
678621
302369
810988
34575
907369
833571
351970
528168
350586
584988
554840
378031
830636
741762
204849
437955
956956
965897
165921
672100
964563
850717
194276
106397
387790
90747
704328
53776
756370
961640
533883
980001
847803
138750
283910
954066
250920
725097
409680
791720
108248
359922
352869
679902
649689
322126
463757
319847
57071
387253
881064
893585
455706
642578
701129
29012
935752
805072
70013
966420
937407
769471
389606
44792
963331
215706
683325
471359
706662
572985
519123
819951
845487
899056
967241
931763
464786
587319
101046
266535
997003
875916
57048
451220
5801
770272
872493
926803
272504
724831
787834
819275
430667
253142
607104
654415
896456
733998
159186
101663
558160
591502
233579
504509
31737
890748
792812
329540
184984
45452
799823
320470
965007
410353
925683
217134
113115
8612
632986
591512
183505
762309
875317
937945
553728
325947
553268
394720
303772
226004
660033
715298
668705
784860
70019
775555
744045
131787
93794
587136
205552
73646
772818
83289
921592
384548
648638
561202
47141
457113
137834
224716
590386
67903
308253
40595
441147
495817
213815
193405
58850
969035
517311
658707
405179
589402
350081
514926
296542
69040
456195
359380
470120
316300
675179
12832
954499
374732
89610
656830
754523
879095
319796
171060
45794
873305
91297
561697
966891
10881
273231
432813
422780
698640
992430
725658
195739
646484
544385
26830
813076
369339
3195
419016
477850
536679
494333
882555
71667
476409
803635
704139
399380
674008
403591
59804
14499
163946
998441
807495
834935
772168
138859
787991
199149
877780
287971
547593
504635
793404
766844
764256
611249
634726
895759
501637
63011
745938
820184
453208
732094
657799
130202
227092
319762
194838
651772
550660
173597
738818
730301
762575
466453
497964
56905
230552
609559
478237
619718
625613
692445
281202
713572
29965
903358
636775
545509
175974
403601
853851
870039
194136
573771
549451
416189
585287
959918
739813
567693
651417
517489
422262
466828
320905
944288
410942
284538
723852
306468
513750
743619
879884
186429
346490
505377
664526
214255
274042
253440
310259
19279
233942
607408
783989
183866
196696
937104
863937
101875
157842
15935
745947
283926
857836
107349
688232
41411
791092
940816
978896
224843
989871
44395
905057
824334
385233
862742
217335
354730
92918
698967
808396
673592
819626
548361
384084
330789
796870
58573
206633
167847
944958
862961
726033
528820
59758
231511
758744
931767
492822
317256
331648
306190
787707
148985
372663
51152
677008
219155
95678
964476
452108
558469
125973
103820
676047
533729
707950
308597
291612
711071
885687
349740
582125
381687
987209
92626
692935
609888
341291
483944
808001
185781
146135
179468
139226
823802
513661
371158
788949
718455
732803
841232
538918
627870
13712
861206
396433
82199
512791
487769
195765
575605
160326
695051
143539
628752
699968
506864
70853
883142
901066
896111
599228
68875
781418
354719
76530
128238
502820
356846
868397
337628
327682
49223
436749
438951
276284
47910
411110
767334
332610
496776
523872
56183
206821
635419
371696
425870
740187
317925
464706
944840
5324
370255
556386
625142
324385
127499
48204
421123
143141
34045
5669
235087
944803
446087
229675
506509
835052
444968
888943
95952
896203
362053
753602
143774
105342
570308
131089
217534
982608
652337
327530
58213
364270
493689
334575
100063
185590
625805
440290
180044
276574
309188
401102
437519
564297
511684
903246
572699
460655
323261
589829
553634
617079
942457
756396
324507
561002
532574
541396
395219
522300
502667
207478
13617
978985
981410
309866
124305
272836
381370
630951
592198
340022
175167
307117
498737
586843
773906
399536
378025
226098
430407
566419
196173
734196
435409
207832
199256
584822
243239
113142
460291
912503
34951
272777
214329
786383
21067
200908
836144
844781
257063
167489
630360
309004
157115
504516
715570
39521
369760
637267
789694
426126
917344
518433
100642
456119
22471
809183
987158
448900
872930
218597
239319
253954
581740
829342
405155
15501
276438
531706
565977
178752
793904
942749
955442
539614
10145
943158
627943
756543
151425
125637
532311
454690
933313
24555
639598
657400
862392
364002
603711
62456
902233
724325
33474
336845
185826
633849
718233
951501
965682
724873
723260
519174
968345
283148
191808
807619
460729
633551
681577
747681
807947
173899
826538
145015
233138
810690
718927
286411
498149
445166
624282
778772
54337
259422
145217
395586
740213
584120
768311
1586
161285
783918
478256
503395
583787
855594
373030
506907
186790
154801
412903
333441
973861
297399
886104
921578
156038
179470
239152
724004
937895
377232
905488
891330
391845
105387
573330
562713
766249
292876
996753
432930
435018
400161
73008
51732
429094
977813
419242
273285
635017
951183
563813
529572
903175
942703
834952
735001
533526
737986
663078
744814
847517
23418
188108
120238
15770
187091
899050
656055
621437
306921
937550
909169
708265
345448
434571
747501
410348
947352
919547
973085
414779
63596
909132
940359
966232
371765
120691
138089
33128
797880
869548
71204
559777
812195
994487
385234
347033
863861
602551
252717
384515
570514
356752
426906
566325
191320
762931
872797
382345
763719
65326
239707
154146
365394
666207
165571
746894
336607
63612
652965
765370
902259
880255
12268
400395
423735
406439
408285
255860
272520
49527
727046
824893
69645
823612
925249
602212
643058
142369
445842
602825
408942
990414
960699
217566
410194
877638
517191
401492
195628
675100
227992
621940
247272
326922
217389
693104
327366
324072
730670
628112
437360
285879
23792
983936
799917
648123
135463
469948
248877
349226
230383
680691
752693
91089
399992
653004
667899
502643
881583
216623
401132
5030
275821
268458
863724
137902
557537
77277
156514
524664
225773
127518
683684
961658
451102
896581
760895
10334
800071
836222
678066
796707
772318
758976
860656
757371
685942
335016
73412
554785
875381
485510
874018
631657
260734
215194
788759
678102
295299
843393
78735
194074
375338
185988
841425
744293
604652
263080
291009
526626
49366
312451
863001
286061
694356
401298
71100
377471
314771
729350
846260
317376
64561
847766
719378
185281
51161
709287
756514
311950
954882
638955
576405
99600
865664
813889
886875
728987
373815
805250
3413
643175
552921
488102
383762
207896
297421
496754
410422
