35561
202103
958230
233829
135584
347619
812704
931819
746410
764720
503932
444697
463269
528663
416627
199840
597033
952711
846398
55508
380640
532677
43864
911823
279425
208146
471720
265907
5274
459584
816812
42085
784809
20875
517058
175301
156063
510831
429536
919243
246771
595780
343550
552399
873053
176603
238679
337739
247604
995300
92601
247127
440117
451513
815900
343985
531965
775889
133923
394410
369109
570197
168203
797747
268769
660273
65998
107147
390570
978636
228170
235437
26290
507584
797468
600175
926575
288223
686880
364094
129330
649149
185811
893434
447285
637060
879902
34922
47018
908673
199476
86092
950029
526240
51653
563656
387737
432568
230800
328082
978621
695144
914434
915998
260170
535704
876023
664492
282193
45241
561222
290653
683826
835186
111608
685049
690631
98467
466354
585648
986457
415125
178184
234071
901692
724140
280742
93405
188103
252055
692740
540455
11652
229858
480944
126106
773868
961302
326783
335087
159423
929388
735577
143637
769957
196880
946157
515749
624295
531843
488441
574294
51391
329477
805918
823775
708265
358073
301131
738408
420587
853426
488604
991959
591546
233156
482369
10821
595484
781324
530010
684352
89007
835913
832113
506093
217120
510746
955885
763491
982205
724933
104859
851359
181170
210292
766936
345231
199054
389648
718772
137142
12829
211181
205500
993538
852239
598575
886112
905301
60441
418713
876466
603275
596769
334664
852329
384525
669964
5410
160466
551598
994548
852532
695536
458728
167070
540039
539823
389138
152717
284849
257241
38886
606103
800127
170612
103509
899183
640368
544232
831589
979884
511394
470268
621150
386480
941009
637814
725072
757588
251571
719709
7080
964649
745929
391727
184425
109428
243134
311263
873320
236845
808116
512392
180505
150091
546186
247613
865760
796168
492684
490688
619103
584458
952204
973357
606389
207934
680350
670995
829655
876986
669832
234569
802043
939817
847785
130345
439435
19260
830040
743263
402930
542446
944042
170019
96508
576583
599279
692146
927773
335199
963501
500297
33341
554755
630476
423054
188225
13301
984540
585366
466193
675224
885349
845674
676558
884405
693693
143173
339510
295175
490510
531844
936447
749997
103886
194233
627256
383956
584882
170256
357859
823967
148339
45454
896492
185234
306616
281245
553891
987331
21230
513139
107164
82618
599607
236841
270747
276718
708513
395389
94401
896705
329695
659455
283387
566828
783597
210044
992380
912628
350610
564632
377064
251405
58078
560425
493387
278176
278432
300773
985956
437846
16949
268707
663108
157491
351987
87503
989999
790092
441155
792643
487758
535341
790889
359740
851159
157831
781616
480336
321518
943612
625384
572528
686667
447176
316915
989146
414028
361518
857576
657864
783939
51191
696086
511903
707315
298079
98596
588947
230389
317890
678016
500723
195312
867422
852265
398388
619406
536773
763603
49299
796572
8067
728677
904940
375058
303224
495355
798545
83505
266554
549703
401779
186248
307061
906531
414785
982523
226730
73863
960641
319248
875818
588298
885202
736704
294625
261994
131401
932290
527907
209846
680389
986896
891379
811718
518382
753912
850270
684967
569815
24112
572428
521031
901494
896527
790831
818445
29466
611910
706073
534556
788016
413380
882026
517397
656030
839155
545464
552409
270303
856768
253954
726890
395107
677914
15104
428566
464856
81874
330388
711409
809446
939472
355385
118749
574363
509117
55698
317873
53883
729857
616750
414806
767302
599903
391468
421790
46957
306794
585004
91025
191660
977672
326337
215542
506379
137546
256966
966841
449900
223673
674493
255295
654282
895878
74312
994710
62147
13605
453983
410585
944771
695690
652920
352089
260449
436708
236559
71507
983110
692000
915543
510223
251345
262660
74778
194043
755570
296673
170354
104224
125896
910027
543137
501852
713051
509250
976150
702202
639684
198718
169179
568960
780658
327758
866098
30906
46540
622570
351992
427825
903315
224585
430285
79800
98473
635095
601894
257467
15203
261017
323956
285729
759197
17315
47462
632352
436808
641564
141864
339258
696350
721200
504077
654491
11293
201658
115062
485516
70563
138217
730691
845421
887549
470532
345484
494834
332978
262625
873328
63429
225619
444924
960893
551007
967127
665824
157480
381945
182547
285988
56131
713751
804999
619159
266172
338036
949778
67605
832234
931549
235546
110691
616110
855648
788174
724284
155565
646975
443175
891722
693829
746969
892653
432379
166951
222619
117579
285374
91318
849367
319761
769884
552506
126564
616918
152617
302130
631556
482218
114339
28963
738370
422291
85783
245723
264363
641561
994184
698487
458259
391029
263036
913328
585566
568833
472201
51458
178687
341393
455763
769738
200981
551481
588592
947942
36360
11656
638693
610047
222674
854889
734314
106837
337452
176312
942492
63399
924559
476113
208315
400746
975867
301278
595182
483519
277727
118787
128757
63422
266207
434755
352366
230951
115115
962921
249228
328838
42839
454806
215047
103265
184781
106414
526182
350782
964673
447269
343435
862106
177043
33535
472225
529727
445938
460713
111809
747671
69584
425140
922057
420160
999290
555374
541709
17046
906100
691822
714043
966190
165484
710673
539648
230916
546857
933305
2322
394246
130027
447776
332718
380938
235504
763465
643746
364385
732450
843344
775475
981099
423245
122772
431301
27923
793237
197852
660273
459570
416981
855955
512565
675604
494937
459637
22895
993799
319566
76399
714108
681343
282625
212847
117283
450753
526736
895061
471150
454865
49551
27069
531187
400775
71351
614606
938500
518817
166515
350879
823465
245359
952728
24112
985387
567802
178287
166144
544177
551998
598375
157123
261728
355133
752734
826705
406440
885133
753871
823023
412388
192959
788037
436892
355728
739006
534804
511834
534157
136400
985488
751637
845669
814680
174634
870150
360717
486712
627758
805494
514257
483277
987621
663910
185765
459285
622290
601242
895302
944513
900994
67154
924157
110410
649222
35706
826716
540723
263633
491065
740058
207872
601431
137052
593744
522509
192956
692346
832666
40897
695229
486693
648390
152848
814124
990872
571640
838549
239559
927053
559869
331041
354807
873344
818071
53689
958562
704107
781653
874075
406954
627357
624286
533301
211352
393238
35368
581729
303664
748164
597954
130594
65977
118004
684005
600308
848663
190956
963969
605733
89741
234420
166312
947402
713153
521700
424002
969570
546989
209492
701650
870675
628682
21095
57617
218989
861180
368359
101768
553819
56141
318388
210831
269804
784722
135299
804105
880373
440226
29603
869546
21539
713647
120178
756304
955759
816926
99847
579741
703364
68473
529527
699128
72309
795809
797874
207033
905522
498379
946750
594801
585516
114785
891382
680643
23450
431609
162169
156766
985539
274237
157064
211407
394318
722152
796719
895372
50704
459119
767721
377064
922112
638826
932459
720501
394288
526191
681555
251197
738314
708551
269446
385171
980954
806392
680182
230352
146182
274381
655588
430229
943098
51726
98586
602564
588052
796977
623743
527737
192449
931479
400747
148614
617235
923420
747023
607030
722337
348958
52761
495663
98577
158801
313866
321731
955447
362068
609217
961621
850217
563370
34658
660567
570681
747351
971947
766565
999116
623525
567772
12007
450374
262279
934227
805405
981912
328325
804569
581387
656606
89830
835475
584752
277372
984597
6231
122584
967792
312898
155040
33474
137380
262745
764163
412387
196268
715831
531385
77591
690625
79017
904730
749861
40597
26130
732847
893062
726540
919021
301608
258630
83692
943831
976195
392415
108310
635332
804924
493719
912689
218937
346486
580346
671408
936750
579933
293999
472787
564590
663056
648381
428392
242265
355236
670378
877634
719774
79439
567679
987571
625724
441473
295129
470930
981313
382332
741195
389912
661004
606818
880925
947525
460114
641046
604438
21212
306288
163072
311283
993615
812060
656119
817020
565451
468013
966189
972328
854534
926965
272037
69391
675526
968284
24518
528805
891341
660807
516569
641622
50637
70681
182430
537964
20345
596366
73762
352829
374367
626797
183443
522248
427388
354276
603664
418263
137776
528277
688420
551815
211292
963613
29010
645055
115389
338282
865544
234375
680863
939585
423124
285205
770188
310800
107493
481038
468231
435169
761061
842549
100085
418144
59077
529170
302413
851266
983162
530886
503029
400811
98134
494941
356384
613453
641047
575894
364067
60997
294168
790319
819441
915268
554748
915111
438061
365411
302629
759888
315040
638330
745481
690919
151612
143489
971490
252704
159919
438955
540087
376046
467946
356722
244276
173406
133568
624450
230241
206352
874609
937066
826392
144333
65191
791601
137372
97405
795970
779159
358184
798201
358829
902274
57437
801498
610111
758324
387048
998807
768488
461423
565784
231780
379934
420055
646530
726742
960729
577504
592604
684874
248025
234299
396440
71369
855671
928667
872540
199591
877497
683044
18205
437753
129291
218205
982390
635184
147883
123830
710826
696381
522065
649434
80881
239159
715021
772945
992905
702683
295655
641933
442017
418865
777451
894966
155150
100039
14721
754164
509339
765255
984168
972730
719863
1226
664042
95510
55952
369228
345679
124444
208244
239445
755997
148047
227351
678573
4701
275070
671596
909285
228405
814354
798441
19637
456142
680930
523775
887409
76277
129764
745825
919921
930580
598572
315798
236610
859076
228421
868800
139932
572549
515631
357544
486674
313086
698829
32754
611632
945790
969333
74938
314172
205506
789030
216241
182981
45166
549331
274285
162074
89499
213127
877221
16429
509720
661808
762259
95104
196980
630680
495599
132577
754563
745887
603499
481889
48566
117471
784400
934248
608884
879154
402563
633748
918171
696585
332559
798297
231649
574386
330037
969649
798828
938745
12010
811046
546794
145471
782504
730891
841739
644676
487231
294298
851640
577191
928175
624688
486335
776112
954473
137122
518023
643487
589399
705532
567163
421764
312432
847896
902542
735167
463767
678605
974054
230706
138317
169171
980679
989404
727732
632672
247949
215067
795423
382473
174
999037
227562
690533
951993
708511
729258
409979
281653
986417
143822
867364
692320
184391
197409
217637
588381
696982
511733
380698
904798
406181
124998
666280
148061
473495
204085
972424
288978
857131
940853
183156
974471
144027
756525
63415
63910
567647
6912
457953
82664
995616
431167
509728
516254
716425
372172
575938
748815
972891
885911
526102
388284
623044
678441
299307
709631
137788
697863
21880
190838
375425
239804
529348
724901
528099
703307
283091
259269
898508
202549
574504
825082
962890
851672
253071
126399
412783
932248
101763
349169
261997
245894
135652
752296
840169
629208
406349
252367
988733
945131
615444
932592
884679
657809
606225
318114
325795
7093
6825
945566
43506
798669
253575
165540
291942
566422
75604
80362
546897
977550
339313
193378
400527
79898
70095
404798
403987
577754
851273
676126
430048
825549
769097
312773
617702
296478
430830
965304
703073
605673
876291
891793
877325
648767
361304
742849
603452
729041
143655
281469
814322
923407
573429
905259
598882
53342
748725
43922
176428
148528
264530
229658
487873
355793
449036
762739
922998
617908
128325
869276
716737
230997
40496
998282
338849
897346
669541
732437
440561
78956
944900
269117
221758
29488
682594
648225
931501
530468
79802
500649
170956
310955
749213
544030
54866
183398
861864
18216
762898
78359
241894
990415
893709
326601
68010
286800
660869
219985
979761
533978
348427
826507
655100
649219
123332
547796
742011
335674
691373
361185
514653
460746
10751
557627
893375
593485
101155
140141
514097
702810
828461
623034
613871
981651
98657
934839
510314
936852
597153
295892
370318
650612
237079
595704
483662
853124
831606
625062
124883
40270
4346
242519
255071
839929
672261
358176
482910
235429
549485
483811
664296
505340
772911
389425
703834
611564
374643
998688
745848
708687
663246
498917
149831
87139
153581
225090
224653
36584
277932
168652
527521
101433
74420
506151
510248
811669
471141
707222
5595
350
789327
497780
667688
328084
41532
484509
752876
835167
817192
651092
342375
218185
209291
72653
163222
779842
361498
31623
228587
877537
940632
108954
342570
960215
985745
16599
897546
807036
602900
444480
343467
290307
262700
277523
488454
956231
213829
417596
315278
220687
437199
535370
451451
113241
481893
346770
655785
997842
364287
961459
954074
148497
41457
149007
635630
508526
907909
581466
595386
662262
183374
993205
539306
51215
595571
168487
90438
283040
57378
10228
341663
628108
573924
386226
516320
268329
349720
719405
986974
216121
665489
924783
436937
621159
429431
318697
357118
110526
31674
42372
938709
282720
576946
558018
262493
998094
825818
671018
969394
132080
747819
39114
914437
671350
138074
305647
605123
564139
557055
326583
604728
37230
136508
683703
717739
724862
535530
871457
445082
945921
997832
711879
416598
618393
886248
684091
977437
949987
928067
289437
920793
247006
554800
469506
135372
599809
473868
386641
711358
28244
268892
598395
672646
650855
51601
638563
636383
358649
885848
334376
863793
515731
433932
695096
338467
672955
22655
576303
492975
383252
4479
292688
221692
234476
855341
209301
33624
8477
934730
30264
269831
13728
629452
282461
156276
426681
805743
837693
710805
356762
120470
856965
593255
166507
225245
91826
770125
812600
924223
396356
91329
99547
444433
323054
950067
298211
177194
562639
445725
78205
769703
648323
757679
531157
447372
95762
808891
866326
507886
662497
505470
734209
472650
95060
792198
615453
440774
8816
790879
356085
833365
226428
333951
30589
245615
440847
628373
769798
568754
327863
42912
31250
393482
707163
286154
702583
360452
988233
702121
18492
134704
785733
707612
567113
974217
866465
428389
123896
364551
696614
163096
97456
479243
65949
179513
439565
690854
210738
456620
121143
208552
576149
215655
483821
606095
782803
198059
10511
925709
552564
951786
417653
34388
241156
950274
666434
486774
798235
349346
28014
171167
132609
729538
57434
943923
837180
420640
384396
522493
453594
674729
597247
642838
408310
181350
880235
421531
931608
131391
363651
3330
556610
616919
117140
2193
213271
100834
728370
51187
36899
75906
478704
108005
139823
842956
850592
401424
282766
530722
163699
914869
930935
14519
831988
990969
330736
420245
303944
706984
655949
388461
268467
524463
502001
924489
739342
15394
498066
842133
443057
64192
775574
693594
312629
797464
537881
128670
618419
267518
280659
199384
832129
527982
657532
509747
472199
654257
190338
937592
391698
411406
467429
854089
599286
118268
522961
888679
152437
585003
542942
682851
829108
969350
332660
784519
665784
579011
773282
553046
883342
889250
566106
969363
429226
322594
488563
162242
890160
468782
13910
533215
916039
856500
936316
935931
337591
920265
523804
581535
802786
23432
939324
245415
801322
185223
856592
959617
413058
644660
25404
426559
568177
638288
593523
641585
112421
992616
274788
892453
261608
715118
806288
382151
269561
545650
675434
68555
504454
706131
934959
131684
999873
758784
416452
433061
761349
681290
383105
706611
881971
589929
979815
790154
30128
362102
954806
426459
30603
375680
897581
455093
27337
193541
171960
922746
831405
291017
754627
431531
921666
960123
745419
152708
526380
466150
144576
126360
789118
64911
253571
72444
237856
67153
463530
824501
425292
210983
714845
93613
811921
130053
930486
211518
586760
656162
67566
435638
784584
3640
294865
650847
852082
857420
971434
812888
574779
914629
155590
690854
312853
167331
268899
569987
462644
648378
508454
752062
258271
498800
440678
675054
331272
130910
880273
589988
808004
250405
870851
871760
333358
617709
200236
850130
689278
625502
836104
647744
456108
466973
553154
966560
544863
389330
694015
381697
273873
312961
12018
968178
768169
51176
768241
57540
128522
757769
600255
30433
303395
70596
880897
930829
382968
169680
377361
793275
275285
740137
111656
941232
468285
257439
884754
964486
829755
77064
203621
97519
226576
243
717599
328792
480011
227509
909703
309294
414372
255503
953057
248061
40227
942527
137829
905303
935667
397521
294579
133203
414854
32791
574118
156696
421671
633163
293163
846180
915978
708335
587982
363319
612786
128350
115312
290265
906012
414113
649241
327715
833987
483566
518991
152568
226346
856251
160776
645870
219207
506515
805268
683677
280478
51783
263940
813859
857538
612111
899412
810002
892849
187640
198436
996963
139786
318268
918672
326017
634817
817648
846774
720275
776018
4314
780254
619501
580122
398832
87664
376256
610269
440533
860534
109984
772503
325727
569165
430866
933483
893434
593127
459228
687842
404847
491762
116997
467036
836268
230623
181986
764366
156492
560377
282257
31027
917721
774226
311092
968997
372139
65262
83737
980417
371985
803868
132614
597029
454089
431867
886221
354508
365325
712925
548825
596131
404660
680455
272272
487420
780962
94736
484541
170585
805365
100987
363678
557429
311870
758239
401011
789418
951391
569515
418059
663337
590611
247945
438945
131015
270826
803770
308100
178101
916009
606805
966511
821462
605787
117603
47770
321885
698100
323771
783787
212365
605678
401436
236485
167243
184359
927388
759840
453957
672435
364318
13398
953055
104858
355579
810130
961137
441027
813682
155922
251520
433590
782598
800693
855181
206236
579138
261427
152809
43220
831853
985301
308635
964958
595567
318832
769338
993282
972937
263905
28367
864330
837188
405250
134992
448104
213104
897639
964357
177156
74246
671872
560283
479357
697898
870307
52031
691729
93544
971353
625412
974004
591114
635472
921203
741541
977846
545862
771405
700624
41167
534906
122513
87826
944499
231640
592439
760977
200084
69246
548931
387802
690767
467627
486116
898551
989841
675939
559333
626690
433
992963
837444
256051
215286
464083
922035
524114
292496
698046
436307
680641
613583
183781
406392
787503
423093
79408
523186
963644
177502
995027
825516
574461
295364
391831
410708
748063
881548
783709
399804
690215
13661
123678
440927
694972
376553
861589
947250
343671
165401
692537
320952
297866
197570
316350
413635
102165
639205
391865
322564
413486
399899
310502
51298
73412
671882
191532
644116
184300
55133
982401
351548
339428
532907
673220
685119
705876
963753
743272
525946
204739
48912
564054
672221
371893
176451
782452
42969
947040
175922
672082
258061
218338
874726
294818
446796
944573
213716
136396
23409
137176
846082
237426
577044
174662
980273
138165
66842
461334
470567
357600
517461
157134
568547
834407
493831
154631
33003
222063
67449
495336
990262
393440
345253
69762
218940
731653
994442
581274
796277
133583
314917
930004
753560
320636
597347
587407
390923
984841
868301
447237
690682
180711
909191
861991
947963
862184
253540
4033
738130
119436
450856
949854
958396
82475
738172
547137
889650
140230
329100
144106
36782
194444
83132
814297
348992
404105
780076
3186
303429
327283
631856
274222
597064
180375
8099
553311
923290
95363
621394
513406
986393
545785
317708
351793
465731
702854
914343
447153
447167
963647
111127
404202
947379
465081
728088
708696
763183
577682
601742
702471
698556
791767
35786
15979
67315
348667
987065
126081
610419
17270
50721
455192
495301
835682
351617
729054
69303
900494
918170
493867
484940
531054
218648
778761
600708
848121
393546
250161
681659
210713
621518
703769
241299
931053
27422
18603
203817
564487
44374
155333
621252
535784
251730
577071
908047
584105
971594
754831
193561
557460
20613
135740
457010
956795
183217
39463
294923
37717
268525
514574
967688
94672
713376
966263
211315
270080
949794
476143
829297
927062
322905
932947
526253
839337
683196
148868
724607
17831
372960
515225
861017
834852
216954
244744
536535
126516
837181
573656
459324
373468
707019
607613
603075
86559
289992
936526
861294
96005
4380
932426
797933
963281
174839
481970
162015
560378
562265
365334
652390
146321
863543
913067
669200
450843
80707
782851
639541
962275
953341
267069
741898
948616
921522
491844
95666
192692
768505
230011
520235
795598
241736
203268
192046
762222
766338
222753
864032
864153
753737
787079
387438
936086
371017
114124
840695
422736
149705
641707
907144
674624
181302
672825
894618
783992
231173
416819
959319
470110
181962
281871
234832
657564
220044
62112
726086
510078
456238
238483
552957
528701
297299
770099
531788
171497
232377
756943
756647
626037
175282
520580
119933
254384
155683
713100
147117
15916
369426
886220
71
669983
117964
44399
214648
375690
569675
205561
55687
923163
679205
675943
949799
343334
811170
34789
531669
328675
944947
969944
652293
319818
673703
559119
380699
539205
999437
615411
883813
635734
355731
9948
916132
210488
791761
642443
246166
799563
403556
863596
635309
917351
447993
530943
485334
967020
904011
594928
233752
930985
569149
756076
903017
395209
399426
928851
534957
204184
602851
905488
541780
424160
743777
19091
977787
818742
12361
608915
558974
144948
615413
419178
319309
98855
486064
961524
652777
703055
803871
487205
970171
990537
760278
502674
401971
438540
754322
976629
613763
715089
690187
710909
333386
950234
692318
72906
635380
867845
510981
886863
705731
861086
711294
368807
888446
935908
206417
804172
624597
661216
659625
535740
272005
628266
351297
915138
693862
516065
447732
27433
182853
392042
299470
353833
711170
514066
368366
782067
422961
385946
107954
965817
578580
529966
235554
95903
597357
374936
336047
390963
986031
515205
549884
781545
525447
620022
869808
840591
433838
89327
335372
709668
749964
207477
938346
508610
785343
514612
49185
713151
162861
49501
966345
971619
426651
919157
994067
839921
316893
56
890468
212949
21018
284049
166117
180697
630941
820665
833137
709667
977345
364042
138621
954059
234237
340731
605125
858484
79871
727445
747999
2367
545965
905906
578132
172896
952800
454834
728012
706395
973733
453317
840655
66366
938372
770812
486371
121604
275758
266948
740895
33241
775745
53449
264303
353307
71088
685060
472885
715774
654168
371649
304085
159447
316988
962800
829542
70747
430717
923194
897581
33760
775565
149567
411255
585562
744580
408102
627200
40031
466477
995936
251385
220094
606134
949067
853098
119740
234366
486574
700772
295016
848924
293061
79874
346552
419937
709293
785959
841515
565102
337188
756348
29329
54366
54504
916421
642409
352250
208384
268861
470670
88794
836909
401192
824054
837958
625158
123936
311386
278772
909395
838680
855146
848472
734439
667340
226293
964278
198177
949711
138780
527446
230983
950822
847206
157880
700030
684234
26205
914495
816160
783652
543741
790944
500392
286730
772458
849103
594274
877676
288376
882967
448566
716534
586397
581820
618954
134849
972396
595177
504929
621746
832772
715657
564412
407693
705039
995175
19002
697561
29575
282858
165723
245893
202057
184021
811138
106981
675526
274172
377030
180757
864352
884274
910895
805197
309987
632018
449524
939556
834559
572936
891021
984001
249051
793022
523411
741033
987196
400065
378970
604736
870973
2335
374014
270553
217770
80694
297593
997626
528976
878402
72919
634929
76404
972641
399448
783666
337038
176208
893171
689382
632423
718756
26291
691138
72118
826217
634072
192075
200347
148765
33445
676006
124681
902149
744496
500850
338309
202934
319815
114317
508672
130361
255559
223495
595391
258039
475868
116458
97085
871389
534197
731822
685104
55202
4271
939967
844253
401446
77063
342627
801668
171224
111778
462863
896104
253434
677003
988115
600391
598188
853038
296835
837076
560176
470549
181931
366205
159460
584140
510674
726632
930593
509348
842925
553463
490653
575193
623996
119223
452272
194416
9966
416658
160205
623576
687908
597241
862323
751071
524445
415672
555704
264675
613727
525473
51662
401951
494077
206383
220214
343264
844349
237183
529710
933587
769995
712376
359231
171135
233781
159315
321656
983744
47063
359033
150898
125847
896295
354769
71237
854940
470601
812338
390888
895667
37900
913571
41835
31449
164966
81447
681921
193846
689231
748179
923783
10431
150909
23638
601327
778374
992224
720631
509644
836656
292103
265336
168096
646326
217694
95209
477366
637197
132518
160232
932742
829148
634122
888151
832577
311392
721601
286230
576032
769419
751005
981021
184083
256352
587964
249315
869868
495460
481050
294669
14301
833787
44065
50180
748988
55377
198664
26898
95211
866604
558819
721138
861522
586714
405212
255932
66601
262099
278155
551998
645652
971785
200299
595065
813358
112786
779649
197929
410939
54669
491977
873506
423621
156234
251956
11659
620795
999149
455324
829200
8926
274799
526201
279094
554158
163547
321931
363459
209281
728599
605237
870021
5424
511208
567099
237272
948752
432795
801720
941842
258088
395700
307336
293854
880097
325502
507645
302941
483814
417576
428431
208118
364821
837962
573430
375056
553923
812994
60066
227447
579266
177272
112444
585157
288244
515638
749214
32084
949955
839513
659991
786033
337202
977535
963529
515548
598955
997879
855526
652506
659847
558677
350864
318138
220863
992367
738736
230983
99357
140550
944574
793405
298692
926243
113566
814888
698367
707406
651635
345546
164537
803438
325580
796264
692259
928934
428179
388232
219970
738331
63314
834231
542628
164918
659677
57724
143149
51156
29552
328430
252732
899587
477329
176562
305761
874484
840175
784758
108320
87333
318195
218528
535945
255131
998090
856563
216626
54244
496200
249836
679954
725317
803488
279822
71483
630352
664431
957519
658039
21644
756882
884229
479054
782987
360508
540999
215058
783416
279714
76001
647784
599848
802169
851053
896487
625635
335172
533457
724723
305257
877428
36638
738123
613769
76715
820690
718705
444955
393008
533229
256984
990571
745810
493415
841516
508480
437480
294966
382065
297357
247707
416065
252610
394475
518316
519519
71590
45588
276973
724532
915392
389015
981502
691412
789806
631140
859769
395767
176138
486313
77595
997835
618916
349788
147561
486461
820079
839555
996077
387046
69087
489482
183266
543164
375161
754983
935784
819638
332170
623546
146566
904065
522259
82011
821259
413457
184934
625440
342311
332378
87764
66876
201316
711653
729367
173529
458882
144317
528069
621819
370095
10027
637620
57033
661843
758916
298757
195056
38615
741599
303616
673336
609657
957473
424301
869480
620491
695076
872609
521551
747750
981904
547483
576444
870279
354963
448836
551962
981848
56457
384310
176238
878814
284124
35595
367969
891023
118971
304746
355749
116116
450021
166831
200502
372164
580994
207088
392810
233775
471825
165119
386624
628503
972254
345689
216697
892823
626378
162944
973731
891999
222085
207773
106964
635561
194961
252310
622134
49964
288291
848338
972888
994116
729077
314574
207132
976585
173643
696818
899610
546391
488259
245820
356710
860920
860353
290141
592560
106853
478633
183110
632590
49133
853552
761784
351470
127568
820857
234119
659232
421761
267416
660608
370184
415280
777420
517039
805301
557626
574230
558307
931777
864495
350399
921706
639250
598017
767713
507606
174620
314374
732984
300532
641231
150093
291507
17240
964781
256463
49514
154948
107877
635239
251109
102162
154542
765037
826387
828241
756399
473287
806777
817502
91830
19010
41755
815127
456193
732798
550555
649599
810768
884149
442921
609674
82050
383910
773655
146473
176956
506
838376
875745
721585
329013
196655
964912
559377
757086
400486
270193
53618
901303
424396
770321
380134
134514
447603
235156
994063
248320
487230
857267
42038
30743
212477
818928
475347
975255
876138
239962
121133
519673
327992
238731
377911
794903
231117
566367
186144
193975
890310
101274
127561
486007
373308
996336
457769
774460
738477
404712
917927
32286
715359
408256
531223
110692
239786
7593
205580
600602
796154
339357
766771
907501
802023
81734
766177
762799
910924
500030
283610
994918
800599
843227
909528
927614
205544
378265
102225
831792
269956
719568
638190
523198
691080
143787
926257
609639
315249
905082
897857
982483
315566
651843
544860
855820
889351
910809
911138
939599
790829
76936
285659
192702
606970
512862
949602
964708
561066
187612
235719
265363
970311
989033
909492
549451
669651
281409
692718
913791
60037
549281
728019
329377
947123
661473
257156
103003
927536
620487
978369
870995
489070
537121
444380
484613
67653
662272
793585
14769
401438
806741
315024
122939
188393
366957
538392
873118
925960
970705
419173
39547
77334
614330
390575
700986
33083
436137
205753
217757
891618
943079
753264
195070
127418
830800
863495
226429
664741
177124
963927
487197
710077
514016
120029
330240
291819
110823
463017
593095
293241
391563
456521
113547
10116
279442
86083
214093
739708
83815
186770
920332
68317
698303
677665
239391
830669
169729
188586
52518
746419
548495
426510
102706
424995
422495
454927
656332
917477
742539
877507
271127
357659
849722
527364
150096
366622
519943
172460
977202
790628
293053
531588
180481
916834
154726
791557
578778
939255
887504
448890
266134
144110
248562
563598
472254
236711
427216
151555
466130
510988
268131
600845
180195
615358
279602
811956
213749
288269
134529
912094
12183
261146
938393
682299
52396
472549
595098
654680
28892
743642
569752
415381
181152
982798
536950
573505
949933
715391
696669
187947
619513
733177
796769
615527
610342
340145
861612
358507
275135
10530
713467
471598
909384
542027
111285
226018
333698
727029
924084
317635
614483
193870
717916
652926
838911
874880
989387
535706
343291
742457
222371
693166
344183
526498
119751
921798
580432
43384
659030
41354
847901
434843
212817
272273
8297
713554
481437
538494
868796
406150
406306
572442
461653
249634
102494
233922
218335
499638
386813
893778
981898
600436
592773
171981
483056
239772
11595
331871
881532
359908
259001
359093
112359
222551
950477
224357
37330
271630
564871
204886
673469
771189
425165
887411
988778
230286
68662
910335
422023
896061
468620
703592
49446
828551
9704
672792
947436
469903
923379
844389
156709
146142
562552
323590
11845
876191
549991
504833
525749
515890
169557
820848
243804
529899
952208
676429
685639
597436
601673
929391
714531
167993
536675
922997
247133
631500
639291
207774
113792
170091
76878
579637
88401
134737
347653
692377
508636
85691
880759
713928
795655
244325
503234
396972
623592
874893
219268
761331
141519
851160
465556
633814
700514
614964
515100
973751
618871
858577
514915
489261
721380
163552
358476
397468
485566
891092
467027
2259
568897
984425
489963
507257
407767
116433
799906
39571
723016
8939
517158
346258
73625
872891
969489
161034
500890
6501
228332
514694
338294
164839
345809
790069
416138
700629
612757
61108
182746
121883
546772
248456
716188
901719
54485
54320
324552
408436
243468
78490
185996
703590
404463
752707
129864
110818
448098
966415
693929
162200
982729
776869
530305
698621
561773
239731
612832
1040
289490
726013
951918
230240
452523
761315
147307
315180
10050
307096
949864
706660
914623
570420
345996
177982
336180
367008
229654
5773
815556
343464
358658
900202
587099
457822
131435
148988
64159
915139
705577
424378
249805
979855
352768
528725
588029
466250
398661
673153
973727
819355
370994
637297
761486
100723
119098
526676
768899
172267
999081
696416
398113
827009
746546
108484
704459
910088
652511
311392
577526
310340
621042
345101
103001
292439
39821
364798
83328
679894
794749
628263
64094
317061
104764
77172
665751
348100
869906
549497
454694
657083
351239
963310
32075
241399
182083
240695
610442
818394
21756
343337
200042
299555
338773
790755
84151
992522
771379
852362
936751
413866
50357
292444
73114
205674
265662
659929
989765
869927
575145
746983
791305
417738
978799
269576
733124
489439
329251
709188
58494
930782
207781
299035
306400
809994
362516
767151
770411
996252
571619
621746
317883
868572
246351
707130
441575
803719
164936
620978
523926
769670
145016
457715
123434
270259
670032
255555
949266
927839
302350
649345
826616
158564
432798
153441
968663
569268
81940
622864
340876
636607
901300
863584
284145
926873
152846
85929
236487
107349
374885
328909
371987
433717
430348
47682
581565
221361
232326
116568
305089
794202
929086
847913
844849
753714
179002
751575
325670
231745
490331
437532
269569
936335
945688
588406
912887
203708
466676
999948
563246
921790
28352
893406
289524
251264
11981
111302
264802
862567
119369
149614
671140
470897
728246
326595
194143
762293
703441
737765
353468
458146
16220
76732
45237
571090
197168
575722
53521
722375
243292
206212
748513
553473
495364
61630
77387
263538
454172
331327
177288
298162
445952
773619
894971
794582
361437
37600
18819
29631
423773
603812
570941
632866
533579
976011
192458
715548
572153
709551
562710
544190
28478
608703
989020
431228
968023
566583
864826
755326
825529
503201
33439
184355
132319
463821
360244
435370
192938
260366
653431
820241
263972
795176
278464
472922
374894
652149
496076
283234
50968
345180
469354
740886
67348
402068
519481
215848
288421
795516
534015
645841
66996
206593
74202
819770
957288
928462
262612
878364
246272
749135
868495
564134
883333
117674
159683
755765
260698
742344
496820
791304
380536
863626
79984
316467
738910
183358
536790
375142
803865
138941
65046
343375
801347
976907
395738
612874
665412
557234
395506
514449
594464
163355
452579
446647
607246
7203
587360
620994
274695
751320
529138
332556
938458
985018
256440
699362
165848
682685
271069
840164
143172
915321
608504
626279
188605
274504
44384
222388
413607
257902
154756
501127
512450
490202
194057
504584
335033
951880
19522
456043
959053
222577
232308
517780
214151
183081
958712
699198
305177
641861
160733
858795
535205
429843
798515
546714
536061
473442
622120
120370
838385
42796
373426
92720
79346
359052
181579
808527
656193
27803
263462
536330
191614
901449
795297
801058
720274
722078
443550
926891
13252
682515
334621
498196
448462
935698
102476
973469
653093
579321
771590
600176
748120
910392
791757
683335
30274
423356
259221
878489
806893
773474
180762
356741
945398
207065
721062
997518
968328
191909
608281
793282
192735
282741
469957
136568
484893
164962
860013
154222
820229
490059
831550
396280
139238
96940
974281
367659
320598
37284
752339
942427
736786
159625
795960
747020
631479
580930
597753
137715
874790
650854
343788
220060
303879
628465
462561
292840
695544
322517
780512
224115
956829
955938
770361
516723
390744
876156
595372
645111
543389
469621
491901
525551
40477
542978
958886
978961
702387
804623
920924
556969
447611
583368
112394
229346
367224
860289
221789
808910
164968
859794
994569
727913
714866
275006
531105
941760
943562
502136
556885
593778
92117
583168
259111
115572
492832
350387
572717
229418
157700
947197
966295
64789
82811
228715
904924
354579
278889
397890
845895
516784
700771
342515
306348
585565
628830
931253
901211
835519
583030
541622
851027
394480
426417
583085
760543
19409
823027
72574
547110
353825
98671
670814
548068
258727
384964
217561
748055
536817
249108
869611
203150
641560
871877
351
821920
654248
277062
910730
541693
579854
121456
345366
724388
902111
284386
956573
887131
85198
838240
955415
59795
376729
584050
834154
437715
428036
418296
65994
959870
582787
416979
881421
614993
708529
493160
754421
226430
542515
687929
877255
543643
900688
582438
609142
269122
583026
520744
92403
249812
949715
967859
978236
287019
727187
831975
338008
530335
155311
875456
436295
335273
62193
554666
361269
379795
812331
902506
613313
72957
180847
108853
122037
642934
370032
176083
279719
944535
119611
144030
343349
583220
81611
18255
956563
73924
462062
509672
594769
716433
987067
320539
790086
239634
505572
365332
683408
451235
767568
793134
826179
953438
260203
671345
810699
835639
792074
259737
896990
58317
68459
251938
499885
812309
441361
671522
89336
59945
331235
19163
658908
3223
9469
905210
271382
883824
38795
846260
788037
523978
903408
772375
716488
978703
865725
321514
143005
114781
521985
560554
671874
723678
208129
268734
398430
232791
586521
907843
725020
585529
178969
657224
768130
309498
718156
901196
171387
904821
828787
287558
274631
698369
314613
349353
226731
804755
788399
789878
123194
64361
601102
452461
82091
825011
896501
46944
520956
762543
838211
194517
916522
980676
400509
89704
712822
661362
143868
922868
286170
620732
911071
802996
259242
42053
170333
352169
124195
414497
483322
683303
827961
97735
896564
484016
845493
747828
513500
981916
439210
992992
593233
284199
764007
816290
473772
544520
967565
582061
343691
754801
264939
21134
914358
542560
800002
368520
680784
534990
581639
461464
40203
523236
534760
760592
274482
949736
356107
617421
81992
697551
134755
932791
212322
271818
614469
313421
553204
565652
570115
539575
723021
208932
972354
106666
131337
432134
334792
26993
850848
716328
2902
221265
797637
528737
622651
275501
618263
524734
299776
455725
389077
123746
321065
593865
25073
711556
724901
617141
121838
950565
443047
606758
824556
825355
441091
8992
928373
62358
457484
464970
603439
574990
667372
243498
174257
389316
505573
810912
965559
434934
655018
900801
27323
851621
83073
558735
970209
475164
384943
806675
951737
971216
274876
414846
669890
44074
691449
964259
765675
576123
842413
525372
435037
890278
522496
968521
239914
748862
430988
413210
434179
178263
930114
19318
546683
126158
396391
774
863767
113980
599347
41958
440963
416146
954032
518125
278936
67092
680069
293260
15157
493336
498886
680392
439326
347890
492922
15682
581705
605761
120879
204979
716389
755122
968209
383719
587052
426182
247014
906041
923796
816195
545949
887602
99671
207095
328440
150520
70341
664986
926113
450609
818117
905813
447373
814577
627846
905548
744055
69281
198655
669493
890436
16214
711603
300089
996810
2159
982901
576051
415006
492023
36538
331353
690640
780440
742279
85068
173092
694892
113340
291931
772846
315050
202071
101922
194265
254772
210496
872180
328570
788472
495441
797246
652054
113860
931415
301757
211904
512348
944960
560726
370555
363338
271622
869836
541702
964451
726566
744229
833214
947456
696412
607969
662879
595472
663894
650169
361630
446255
617351
345353
748420
824283
816122
224463
816008
454809
884752
70962
480226
589986
795978
688744
819039
42952
882020
798856
463362
321894
104326
194750
919779
962282
661409
808923
628591
184877
287000
34076
933216
149688
334729
357881
809768
640078
1645
499733
401862
488602
376377
656614
753808
232476
728398
297603
271560
335376
477336
396091
443361
732914
892713
983409
997491
176140
714939
666452
368130
757081
732601
979605
436135
868008
465472
498258
664697
69587
929892
528279
137735
195396
155377
992313
339429
555120
405363
271034
287069
413812
983021
567527
424765
404576
582870
101112
94108
615952
256400
185850
526160
791143
116493
551567
927913
708114
759130
263632
652505
173338
259318
610837
767935
893193
971200
30001
542421
159620
451192
497326
761923
331337
451380
396241
387981
151776
105572
830672
469892
791367
753081
510135
701248
767489
738331
828536
625086
218051
623057
382548
922252
811172
897118
703073
674306
633881
989520
316891
839206
305812
288375
359829
186782
680848
26595
475864
555016
501135
529531
176794
266190
456726
323073
765522
448078
524316
699818
450693
808829
673017
444873
947704
61395
118402
520278
157416
243731
235838
557499
942655
686636
499361
318069
321523
719130
370389
192591
841980
480434
753492
31769
131220
417226
419403
780517
608188
375775
926953
20620
630410
928874
761771
861589
548554
566585
762307
262077
17227
967584
70402
906911
551815
908327
296131
318906
808490
399884
38703
653643
592708
751251
211706
474027
229952
600225
236642
422645
634479
667188
582140
654278
706294
841661
194443
572683
723309
138400
243946
928723
751285
904410
456908
262317
146917
128220
731908
727064
870074
33878
907486
271837
53712
737031
845826
128746
102800
153983
343730
186354
826534
254949
7782
30340
783851
948638
387459
525342
259100
782958
186812
857542
416633
216731
751227
184974
20792
803051
192600
461495
603887
885899
959159
990660
931226
574201
456955
843539
154968
12133
369787
246199
790361
391710
376053
803604
554641
825894
288629
747685
296078
730325
967767
606446
614532
459202
294742
245089
362494
180243
482472
599616
471208
663019
406302
973911
138350
950344
794482
847681
230543
701001
596632
102031
489325
414388
148572
70515
200382
197647
63153
580061
234635
249756
342332
520955
227416
210439
266990
801446
590221
815932
582109
103535
244787
266833
581069
573632
780305
15983
133205
308721
104185
673875
464819
307310
738942
870421
210622
248997
129281
766936
590945
155660
970533
760694
54643
798724
42334
103486
723059
922434
658752
687864
232114
241867
940496
182684
682926
580991
352956
887360
743500
647751
512997
679404
143890
840888
981917
753873
435912
117677
75586
984727
974810
330996
819547
653165
387781
206127
213910
912243
819244
45622
758220
797903
212413
821379
227898
523850
445236
337226
221711
341304
805823
787535
222971
228789
261077
268832
422123
134179
882190
469298
541290
554139
387671
172468
624602
67110
679187
920397
160127
938743
378675
608594
633714
755129
53001
22516
337449
326778
302327
304258
216281
711280
655539
848578
358804
376338
416243
612815
476088
161240
250481
684281
857261
113744
103061
427333
358265
173724
657461
505434
191351
978651
495848
25567
237273
566505
978587
710137
736452
953072
607355
938123
908064
937222
369753
586992
945093
470498
477983
532591
697201
88357
715756
718006
909415
918842
546076
619068
512189
183098
407901
988634
558261
797567
139740
922099
657013
634374
928399
249461
549120
277084
149803
44391
564552
317423
414766
143536
139923
223200
507652
330193
982725
432271
764637
841182
754868
416776
544988
415651
574977
368505
113914
658089
183852
135929
34851
182873
358842
913896
669155
76255
525000
221420
888467
471373
544574
267337
410538
418263
188366
300617
894246
445653
982451
141525
861582
510196
415843
863824
348120
789134
656266
379053
450279
758974
21148
430432
107126
868548
700046
954469
301145
527000
191141
951026
604099
967561
263403
852539
648175
509691
71681
822808
517243
497087
866193
423370
957953
677113
370211
594270
46460
423681
461089
522169
165104
352928
492613
121577
1933
885184
309227
293082
751158
486508
6948
271846
280569
827208
883125
778853
226891
879930
467036
839298
428473
791949
877912
491536
89166
29313
829714
196956
640592
625874
613189
575329
705523
13947
543595
960164
111907
524112
485253
311717
690253
16581
352146
313692
87497
120829
84743
350078
58899
38872
865458
237094
969040
209436
512142
104099
613647
560990
454012
85261
600790
994417
487885
795534
808322
245742
753208
125319
285949
219489
890004
447424
686412
102663
944571
423601
581956
230936
351615
615881
67925
630346
726978
180071
774816
353674
702316
564147
597957
115372
200472
815130
618448
679094
125852
968812
99320
226189
136279
51396
126200
350467
543208
528725
294389
463361
321548
444636
800260
229338
397930
966915
440012
488719
888902
532749
703759
875968
498880
34425
941524
370811
961409
472847
579128
738165
909153
593282
447724
602183
580974
265845
530138
691076
570611
504290
132791
101036
176518
628469
448951
78580
768557
304499
42812
580714
957088
452687
176234
247298
770453
405771
867954
192221
823074
955747
82018
57338
846137
749006
759899
119779
48158
97318
152081
253259
385225
882848
629886
779304
170878
632163
603716
613663
649677
685031
583552
444701
663108
513765
649140
754552
305612
298892
77164
620447
119502
587320
893931
908111
804443
871780
377781
501822
362476
934051
613672
31130
503223
955562
602001
18288
667818
781846
174657
837997
81910
678485
808535
54355
16149
240571
535982
72359
76802
964119
842632
477004
313455
345736
520789
543476
132386
94568
979496
403932
677217
672329
501762
957101
310420
678206
558277
899595
445102
814085
172381
182446
74670
533905
871087
722154
731265
719033
59524
302301
42921
376025
953638
418185
630534
31697
420408
235472
422030
861713
409966
48510
131612
971685
103613
183105
406051
325800
704872
377917
2533
320339
630069
347378
635747
384841
469929
561619
247252
418255
567555
483333
948176
669613
609636
634568
76051
618098
48585
180884
517802
791342
245077
885806
288428
508528
867210
966140
743923
809296
36731
615509
119670
148983
668027
585588
881028
261605
733439
49388
426283
944763
36629
107479
113520
361293
495960
412127
251387
967883
371895
958713
810305
274208
785389
328036
726617
174598
490481
264220
501485
139186
283292
178430
966260
781017
650890
864706
717592
923424
591606
769455
49696
80656
279927
572898
59404
277186
61243
194009
576976
873154
456688
707521
351681
913476
141596
479861
367176
575185
18732
320098
799866
418258
824583
359594
232158
364080
433323
690197
788871
759575
475559
227662
192298
739480
791968
101674
967413
231687
515492
84443
278550
814343
621319
638050
201759
688180
403710
876860
551523
857590
217238
461748
989592
31193
872955
48896
257796
870593
44021
44067
505880
19179
746684
958241
408144
44202
548109
764257
367901
271523
565701
802566
59580
812461
670125
672659
68331
605892
470876
887019
649796
790558
505766
950052
911628
47814
701071
418386
246327
461515
146053
381208
357509
191994
350162
668325
289069
933053
272418
313340
14855
5632
351616
937934
37498
384610
717660
195045
783951
826599
775732
164216
315587
337009
465947
762897
2210
194135
338009
240903
609804
102406
996470
630439
614931
687383
369299
67125
910974
442931
905844
888760
494606
908886
28837
75342
765700
804928
124983
464504
547621
888401
779162
785871
638562
151466
391145
774720
880282
233784
432569
158858
473818
368513
945984
176566
713622
647733
559741
618415
160807
335565
371831
469434
427145
38483
426175
983813
632368
209683
223754
611011
830437
754057
629048
388320
479126
594888
863356
893850
223648
731347
7928
764870
99727
996237
708147
359535
832151
787060
748769
770110
677204
369391
203368
97063
532032
425566
612653
745599
396018
543527
182703
611960
464725
991358
194139
974470
438707
24226
879600
190027
489709
21521
974214
254327
942386
254669
454569
607714
402364
671294
33819
101521
871639
491043
257958
563400
592229
254901
750003
398438
766325
707926
76160
549688
538867
483739
346135
198192
679499
128611
711959
79188
999805
471999
902984
154703
232058
109063
347900
262885
648201
566
38044
500534
665998
377199
783755
586938
871966
46935
254088
145481
9239
888110
951310
549840
986336
77328
543968
646341
810102
871305
557334
283171
865259
329541
739387
777047
776037
26128
104700
87490
569163
88151
672068
469217
76402
560635
261884
781048
711716
467613
835518
780729
747335
16336
650458
64602
218613
385833
609986
387033
228865
343518
467643
586080
532426
139686
917975
844694
499029
570469
333549
933338
578748
564924
478352
959929
954452
312761
856450
673713
291403
659106
822238
914131
495789
615983
385934
396453
120179
982199
707665
21236
816503
740506
286917
747419
742194
517880
185101
127852
919681
834278
797099
905394
8943
801622
960228
569864
858794
4961
813552
477447
343518
584087
105821
103155
979583
322494
389266
884317
68180
643406
786718
304327
858339
312857
191723
791551
673653
396539
744247
375027
408959
182138
123670
456558
956406
411622
7940
535220
652995
885357
621954
151914
544816
590611
741196
398708
359173
39553
275771
901743
590561
110547
564664
770542
331801
655573
985246
616675
603263
848771
388077
23808
610611
471859
614006
375823
341907
856534
456875
668500
577314
232742
22755
113716
620810
399298
568725
288625
630967
740905
146555
3025
634299
300248
437219
938066
689378
834568
459282
996627
894498
582921
233418
18589
672636
590105
505457
678065
444953
638353
247555
36294
39931
848996
571320
917842
585838
896997
397214
425285
996161
935741
118794
49156
743907
953259
229944
822099
955574
295477
259528
467221
162559
768468
821205
743788
775968
392619
274818
510776
482355
645357
746232
958148
898421
996002
444822
920774
676733
168925
801075
487002
48444
535909
637401
433523
895713
686210
320697
224814
304485
790502
710758
952417
203652
303962
242793
690625
7801
14548
277820
265540
977359
911789
278465
587725
145354
573034
278189
360439
275637
643849
709933
306231
633527
118850
512910
628884
442538
21744
409355
258218
404759
840198
415923
158902
645386
531572
288734
832970
406444
272369
704072
591941
446415
58605
26440
415781
225631
433170
791123
838780
148725
451257
21925
435944
513839
100603
705418
13344
375590
805434
297017
43030
601688
213334
934725
899339
775102
41345
811155
132017
481032
245014
439785
465477
963785
397205
906826
688054
632023
186095
647707
902189
888092
585444
154206
447729
614019
526071
6780
831161
939725
613409
109600
800866
917448
824366
988636
160830
420278
782575
954427
589833
848398
808068
490286
85458
617865
695620
35987
399751
480732
25571
73266
109424
416412
655130
187727
984005
721140
666271
394981
824629
805602
909716
20708
459251
326208
921273
693119
996438
897414
540949
424012
798677
264516
901849
970191
670706
367592
541923
513396
927220
976941
589355
336178
450674
226210
915052
30106
674688
993030
583916
666569
81326
828348
954512
527510
352109
806452
170633
413639
496257
482552
258962
892952
680848
495917
538907
95037
888760
189197
653425
438101
88742
167590
939691
62361
233317
919992
671605
356459
904316
263406
700461
647416
375193
664036
535531
545756
953142
231623
800890
969332
519411
426489
595139
474842
705095
101612
955824
393743
516818
10049
256999
570529
580043
496876
571250
393115
325324
848169
502605
627604
769318
300401
871114
440632
192747
344055
468623
234656
577852
449548
22440
868611
386473
972393
825907
263549
551649
333547
732886
479118
923410
304738
770569
733788
652589
393915
207704
24886
296175
917281
893764
132540
152215
158375
446560
608576
488343
458906
735856
317258
596625
226755
907337
72640
684273
431091
773678
563430
950118
727526
976506
668840
255396
729191
386027
319914
855175
295017
54289
940079
416583
11329
185027
473479
66895
204519
157091
685246
619908
370787
606805
553887
177472
791201
17162
141336
435372
971996
445544
555059
129942
373552
588394
490059
927090
502539
934102
407360
222034
326749
631310
900697
456763
986833
684997
735167
658267
793625
989551
551875
169473
72156
78850
50320
980435
663671
198549
262763
563691
21823
147864
581977
664734
955023
905074
586831
51964
741997
203109
78727
564027
65020
662766
698121
179451
54990
841275
499475
796689
910288
912552
203840
365376
342873
87448
681099
100812
854314
750073
24653
470805
893557
945728
614614
671312
518650
361523
905685
827850
958028
894997
145575
869882
693121
347569
570748
541625
922744
298810
599366
315499
234065
329368
968998
296779
266150
756401
765875
467464
488570
197673
614738
382278
996762
820757
100571
769509
765457
831016
376444
780604
596300
229616
182192
565763
253964
377666
459355
702841
914030
965953
130718
977079
11057
501304
780559
73827
865532
737175
305482
846408
569589
641663
867285
255540
245990
864469
14686
505698
828368
447303
630098
954153
879332
811903
427471
104218
178632
833937
510877
1995
21970
185070
789028
168787
528017
47477
178804
366530
252472
228610
26431
756974
629905
472638
861931
940546
843831
17660
322059
503900
845103
432665
799899
360123
310572
303059
698584
873254
792649
62641
396488
324779
367760
652047
844444
295816
774530
75635
311941
293679
815708
447706
304323
361778
950179
415391
799900
262594
808349
875897
970678
746407
961568
577208
856176
949407
444261
620769
819949
904099
758015
838754
816929
925057
354303
404012
113604
865515
590579
921050
943881
795672
222524
88765
345674
432005
59677
698447
182431
124578
669070
351334
996047
561958
510639
122812
256103
969642
334895
722229
731981
300284
99569
126725
52462
621326
276770
932202
926979
712953
107715
152887
20338
367624
688319
543074
418393
933236
607986
889286
874983
727816
106632
524281
372979
355908
289260
60826
37033
297186
647519
497153
707396
718275
722877
14891
504584
48680
829129
994947
760200
266445
55087
952485
469740
551381
126081
431384
987577
838935
927317
276860
520223
825063
448610
259393
603482
272668
246872
642715
891235
940735
198139
8750
805563
208567
524592
102456
643220
165092
613346
531965
136210
526102
116728
354985
541517
168403
50288
729494
98429
536051
514966
983078
625412
259081
550995
567501
970193
761212
568208
55853
874857
41848
273893
960157
970349
895130
624490
340957
368468
732244
895164
133195
499178
652910
795058
578948
956615
451532
117349
659545
895578
812367
884578
502041
43855
618844
646797
161944
776280
756660
65996
725600
959723
900048
374646
988542
552860
211048
599050
659496
283932
231328
674492
828571
849286
146431
212540
371726
773482
375233
400551
710667
410918
118517
397241
312991
546359
986248
997479
977713
690130
227753
66399
223425
366332
680196
835636
422787
620256
233843
535607
547170
996509
97888
404978
360552
534738
757836
513228
363398
241110
738482
514037
122682
314378
455605
974982
618329
153103
880078
108914
981651
671883
940268
4437
1266
54073
480799
867544
538865
423094
106252
654809
979508
310081
489052
20035
776923
889649
94268
752209
433500
344957
815475
116344
304049
469269
491450
739549
831467
740218
895232
974637
857049
716320
930109
218475
212216
243957
110536
716503
60302
956679
152878
615831
358430
953626
837375
617042
300543
590107
652310
927182
862064
867804
626795
774859
873883
607136
131452
770673
447877
50104
894438
316157
872668
546582
741572
339837
927978
697
812654
498181
60794
810572
28156
671600
347230
30282
46223
904109
56076
477972
857668
130373
621406
737155
751475
820503
845274
837378
212895
384950
740049
383420
521702
746593
360193
684437
353001
723985
464129
941899
478429
312525
8362
614647
13232
482335
508382
820584
925171
906874
90404
35051
788004
710364
198279
941230
859515
749436
199540
26376
398326
708156
186002
674496
694539
418959
735317
833496
574312
622981
880561
640843
615456
587607
46536
149449
296254
570788
453854
258838
876305
659609
823028
356264
168385
236970
101909
533125
959321
204140
635621
422812
389076
586201
579341
179085
178099
947482
376944
163891
362218
335143
875906
166606
258400
509209
859351
173854
135214
866086
967570
92787
883093
110905
59881
753312
462562
808690
468454
418314
41703
387211
279764
507602
186284
658748
712772
586534
437523
5827
135206
338667
53669
353124
98841
984406
108380
215011
934274
256777
652715
707935
532886
450276
875659
461039
129166
22269
413119
898107
432525
131272
684433
988387
774835
805515
841055
641668
914851
576716
818661
142725
796862
132291
906985
866325
817639
332198
629511
59617
560
106182
895138
970415
541363
497135
725439
842876
784614
865033
663713
115296
77407
644611
963415
447550
272882
713433
93628
853228
334586
95598
617683
751689
721341
158609
668661
826009
513423
452389
900431
547538
892708
517130
458157
305351
431010
800813
429533
776332
996949
381096
732034
10526
457412
357365
595361
388136
594406
90187
649633
684429
22835
393101
493057
17071
970882
310929
713587
942925
919179
549695
199523
887238
219204
989061
209633
162500
527705
146341
346297
225381
24016
41714
105049
541766
525612
672682
277908
652265
159279
59992
362473
438449
458099
220712
645758
591254
797996
110046
826168
377172
369017
495560
875453
354744
923020
20509
307392
491012
750933
870148
855150
235041
464127
109886
765458
969779
253048
642175
935276
549647
245612
140991
682680
480682
539978
269725
769631
153144
515862
133154
834689
348896
528675
323530
527312
805083
844752
660801
877710
72489
403522
186025
212316
63174
855486
378184
965227
900112
943225
882242
699560
656750
239198
952067
200562
411312
7932
941937
846421
36014
916885
820701
152814
59238
640856
920584
711077
150729
102389
839668
7831
694203
273612
701789
694636
95750
232259
979911
61471
15981
215264
22717
932040
517837
209855
967865
612657
895062
600391
873208
413098
142918
191142
909993
181366
603220
765428
832036
398088
509478
167433
876478
331208
146908
398532
154666
46902
42509
898090
253686
361608
482333
191029
789739
454818
633938
636433
802944
25831
127313
100529
736160
949605
119491
838428
933619
637526
54390
542671
538175
220916
583763
41875
975760
942969
802664
234387
244507
950224
438126
823305
663103
453969
961185
706234
208679
833956
816619
874368
715836
186004
663589
717466
366228
353525
440115
956320
343652
846781
118413
202223
533673
768158
451256
63123
849337
436680
125372
597837
806467
278579
853002
183370
608434
328608
598261
632315
632555
46145
794914
677262
337499
678878
358521
81713
355007
367397
739195
809284
715171
400559
105502
339532
21901
16109
104985
584871
886113
188708
823376
617780
580253
350416
79708
554051
977187
383836
119496
428368
332901
717160
111404
643105
1602
564578
242868
227252
895644
498920
680283
501030
918410
417780
573932
768721
407311
20911
20163
521269
722598
854270
121983
980954
282504
321808
419070
448160
412520
943829
100863
578273
642595
52326
338201
674073
359427
821773
669510
417815
232080
332786
468840
519395
602612
178883
455699
6555
156016
977258
731598
198125
552433
124742
442395
479333
62319
768287
643136
34342
93989
356458
800970
737858
352912
591663
615380
178474
215880
80631
754514
407402
363416
429287
877552
380355
331010
141051
634927
893894
516318
513016
431622
531081
747268
964830
487283
460101
93791
810109
937424
173314
774413
357979
800881
769324
889731
459697
578665
848964
585943
164017
569717
218681
672710
516877
971244
689908
907658
634300
913494
420653
340647
528509
168904
732092
924781
640059
174224
546925
791629
661067
441124
479273
755062
475420
158119
448632
537319
113295
71852
522955
864864
979598
723110
981626
481595
95261
299483
752670
881654
837804
192256
994163
871074
244964
232633
796871
231327
982820
80498
901930
782297
187578
866117
439626
672834
732160
91605
203223
218011
134026
662503
158183
296635
924327
409463
325509
902494
820287
152202
231063
555234
697607
171196
842799
924495
25081
202693
871554
368488
107276
565882
530451
865586
981496
277240
736388
266283
704937
877702
364045
899426
648294
678724
165628
112944
600035
300942
697117
82570
700010
473664
987833
726774
684402
927613
41860
163447
127824
155803
767392
55815
318890
139292
850047
911826
904195
700977
862773
475779
800636
690578
807352
501343
383790
813181
51902
233086
829823
151715
113243
822144
661410
931423
434608
83848
944015
429971
837448
561933
238880
691666
999920
363759
496141
918938
963567
257170
583143
35271
673889
523034
464580
776398
690047
908681
717854
252010
86992
69640
618305
785064
148420
406067
112991
417446
541471
25941
277459
230934
702334
40428
640339
798763
410588
429653
656003
14712
327838
113418
45697
733992
421682
809519
121718
978743
270200
825429
487453
596516
604807
489234
912451
189833
869835
62897
619956
89173
891803
454932
445389
846021
148628
96383
916345
319558
384893
61494
12625
468317
954803
288123
549435
158339
297117
677582
954545
366803
409576
525133
456239
100364
945211
463386
241332
579117
551733
454340
459218
587596
127680
800711
834725
245418
466495
312174
427747
281302
228364
46917
847963
212589
564149
189498
109583
75662
796057
669385
722627
223220
893291
26933
803896
331552
897798
461652
95575
700303
365899
77822
574768
119251
1173
887922
804751
884318
49692
837002
787627
862560
619435
165538
486482
360160
787991
685855
890418
297059
398241
435249
396550
940707
356097
996238
357717
35253
76880
68971
288560
946548
310856
364442
244948
925930
735713
170183
166241
59020
124717
875886
138560
729479
273168
930708
327198
282732
988500
958390
562784
279604
870470
245718
521187
940930
385133
617701
985890
926370
746499
796168
470055
205574
255780
710206
605239
632101
94358
69537
620357
576816
923674
377659
85135
315323
243373
630761
761794
818908
624455
128475
229469
822790
591913
426313
65843
592894
682865
675165
845112
139809
902261
936785
652342
443531
452524
803406
836162
521175
355590
753546
750325
363959
324970
719986
539280
755971
59165
512423
234144
222134
17092
765847
635459
695180
552772
372591
56557
959379
358131
218761
722191
186061
651159
58046
166805
871573
657292
415512
422413
207603
935421
881935
763560
169789
95346
733653
894521
648759
378255
141791
625700
945471
266673
228734
673751
728858
927055
370346
86827
997050
762905
688843
107571
198186
664405
247150
773129
745694
941704
75831
517286
446395
75497
673742
587133
613197
267535
286422
231317
863971
927110
696990
362271
948247
685707
108069
235594
5138
279071
764297
687472
15184
792599
787094
496756
842000
666306
915518
468856
347825
121565
533633
820513
687120
633022
996977
42356
354446
771235
868908
357640
5231
915191
884804
329235
723693
992086
851166
522608
339552
911098
695357
656577
221925
175616
837915
604722
316334
693013
210758
309003
520959
733963
583105
397847
280437
505097
557305
26087
276364
645478
112509
638553
411553
671264
785570
734532
646033
841903
827559
667733
430868
414366
481276
43463
58483
678779
19706
939572
206760
234206
225156
312284
669580
864158
34565
832168
340909
28516
151982
482693
155634
405864
298771
485144
300587
930149
428160
714511
261390
430266
885642
734259
849760
30060
612707
801907
410221
612987
472
589951
931262
145200
281311
927401
316755
830525
591182
896931
434873
55651
123186
926004
251313
433117
485838
675948
392756
912931
399762
910828
541620
701885
110212
337461
414704
80869
874620
892390
791354
507467
639022
978207
783772
365471
959210
139092
188878
861413
178755
846895
707218
519930
115870
187818
745125
612630
362904
943993
803392
465678
555942
233319
907345
476280
634072
83771
223658
33734
10764
999060
676688
585414
757062
107009
712883
282865
887163
282317
500107
468889
799534
816612
885750
959652
225232
422735
787061
284203
226237
189501
334455
416842
2962
974985
179580
879962
366773
132982
610957
173333
959873
570884
790930
914996
383086
97652
596804
198425
987378
756724
769686
293171
35004
486651
996283
302878
464754
991946
916293
907206
583594
312752
10443
687106
673031
623649
597574
318232
977587
214909
130751
592826
24711
194583
571813
122160
58553
835693
813217
584358
448891
534617
349203
454707
166097
450308
725825
582285
982371
64366
461257
538127
513029
213513
1584
763802
585652
134169
171517
463893
288384
413081
597532
254912
24036
573376
376916
464624
466374
821518
7994
974676
819085
363399
152845
263066
66594
947091
132652
972596
101453
363856
239643
775884
99524
186464
191137
559094
388971
672767
601873
587778
291907
549189
509447
799869
790703
852248
57583
248144
342284
226305
634451
827705
54003
311826
539505
288767
896963
705561
503278
685850
59241
832693
778864
806335
769016
529442
630567
684861
478074
562830
768850
279270
501586
680013
824601
124448
761090
332038
169820
438760
353311
430073
889553
454093
989942
693122
469196
19842
511020
413047
751600
657609
543320
941414
585114
886293
547770
105742
746180
57328
515236
394021
730786
750333
355504
305594
586127
680120
41722
34
939103
917347
604884
585274
249598
57530
302307
678802
474998
233827
34226
308030
615387
945343
61986
165130
899631
953466
156643
731140
860179
102936
546022
306929
239324
293796
143613
201332
968
865296
517842
878231
519530
372872
455721
847410
276181
174419
55214
484201
695066
691228
590860
790595
764112
910854
198791
190513
381993
469265
596746
795934
885023
111248
669536
903902
699623
279129
220882
274863
587080
902523
119301
473975
927529
564121
638042
523909
628292
237710
616371
415845
750607
969903
348810
71094
634957
431068
688432
460154
338220
393799
63986
500856
435287
494919
619394
196225
585055
544565
630296
955217
222334
553848
921307
342317
201189
443648
328968
802855
685499
476601
352013
198299
760887
611187
371058
908886
287798
392876
311503
378175
278143
101235
957361
502300
112010
155880
901492
520017
823350
950318
832667
380361
753697
208255
445477
842672
975594
565641
525555
396470
492231
793654
566686
378698
243712
985609
269559
321557
939773
280360
189360
505262
133929
116950
385137
22203
445516
448891
640023
568902
899674
677207
334657
817695
319445
557118
913099
724183
804817
792223
253109
936587
325390
527716
777497
202700
115015
531651
576816
904293
565394
632908
315456
132611
409539
551943
375137
195993
899722
589341
338401
162125
737644
981966
686382
658547
471934
809577
653030
275183
991994
731442
420991
868359
674258
400504
280239
211647
792843
441033
264549
139946
897402
985614
434093
82561
691720
403785
626885
71791
958495
273303
997806
414564
318596
363213
609247
299443
175677
716948
612159
903803
265424
44868
247467
249819
485359
692577
557762
136862
455445
544461
916879
111776
328274
961239
740501
685993
4367
945743
590147
312298
836641
109729
536828
575030
501085
908314
417006
255833
965796
640192
921924
541835
592067
684855
245016
522956
486690
155054
31432
100864
235816
322851
83453
788948
431426
961018
166368
191636
355656
375704
119776
501762
116332
97327
99209
482052
736584
588042
145506
906213
832717
221296
514620
705456
547000
980455
309322
159088
432020
887543
714374
858519
522850
334979
453048
60407
918841
78032
515129
227474
823196
368653
588118
517758
412246
930758
414225
383459
334114
866230
451137
812419
681947
579162
264540
863588
348175
979028
34347
354425
233798
525918
236196
341736
199403
749303
187823
943149
531997
121277
940107
710497
21716
216397
934689
371280
180420
965885
744984
952140
317111
259313
799844
167082
105127
329237
150811
670314
659602
380471
974631
927463
436844
190072
655620
585890
398303
955212
700960
949043
583950
519335
791390
931323
920570
203683
160031
290941
71401
719015
138592
78236
444178
217304
122808
703737
387903
527731
730082
432025
606019
839790
590570
869154
715519
824508
695624
272623
122064
383744
279744
854126
445534
82222
83553
955563
493070
786366
598055
565329
620406
151932
353633
9446
908375
911165
657093
62938
316662
451786
602888
711800
753837
757748
146457
283146
896779
538064
80668
682401
648446
183529
37703
173352
974879
835645
816693
584943
899315
927479
334721
187930
535869
42834
589096
96986
508280
498826
422951
48829
190566
74034
973793
909738
521257
461773
701678
971826
707363
333764
657654
171191
16277
701050
520924
450147
767192
423247
608651
52257
344784
74798
341263
86590
410309
199271
228379
435133
450534
980272
973603
655945
109532
187337
394638
354428
753599
649765
480365
590428
523056
909103
991907
709748
178750
40727
865329
421675
835038
617159
490672
36233
748657
631528
501066
409475
25334
288450
404099
677118
953164
801259
839397
290413
350482
6867
262874
960723
528052
234838
76103
600592
951451
457321
660866
842249
446567
899853
492406
535265
323535
826088
402717
987829
564492
236809
935367
730128
162256
588063
400186
183447
230257
691705
483678
350935
309134
76552
749148
385266
67786
740870
212734
800957
744902
92169
269516
552485
860849
455003
514734
681561
171906
704570
292253
903289
157896
394631
767305
593328
564901
705565
897714
994419
758997
784183
221837
487418
991375
870422
152771
335497
198441
906518
231529
878634
521413
233972
945317
247325
941347
355803
516227
922949
941931
558442
925236
820915
446949
943403
746843
287504
196370
152328
901407
2842
782896
39066
692528
50191
727653
545577
588348
375745
448397
595287
74301
498334
642645
588443
927774
507907
953411
822385
47517
641262
414159
9127
961427
663216
410609
647681
733323
471915
196398
806808
367832
859328
239044
321820
762767
686770
113306
146154
926507
134472
49133
565366
87864
20044
156620
336409
361905
710064
322112
908802
860525
796097
436541
658684
19261
870672
389183
701377
189297
315489
134970
820191
307592
528201
266165
809803
334032
593892
183677
764002
177018
676809
632733
446801
396486
878909
419256
996093
138027
511228
871507
880154
480614
124454
893755
113995
951715
57840
370320
382483
879508
62149
764656
133229
5659
111249
897673
497995
393500
885325
630066
114051
263743
232661
691894
473192
33705
191048
821693
972398
903720
254341
651687
534625
391109
81991
283932
565070
712871
255686
328864
999809
85971
861725
583629
408138
325332
845762
408202
659066
241052
998825
771711
807198
795533
798367
335315
426161
808112
470878
609184
24972
134624
777968
436124
789601
514040
973657
201196
386303
921919
940683
342831
207514
881468
984382
57934
131858
408557
994307
684150
168900
330614
409148
138345
439760
585123
42742
762647
732134
236848
487267
153114
915096
230657
801123
430170
834209
972904
592626
617426
99590
517682
93340
46137
400492
713947
538089
137231
656640
966340
294923
348457
968162
397345
567797
492903
881112
598852
650405
107327
501277
863525
269031
457442
988508
44701
938434
300017
634211
490325
622157
46602
24961
25994
764240
421367
151029
299894
999200
641822
975143
298719
957909
744820
490705
516869
430419
641377
752791
446791
572278
958326
299348
391011
478128
248867
511705
173755
650452
354056
350748
785372
949765
563600
569901
506864
496714
815091
795160
952452
6961
851723
304822
970123
8824
64778
665490
570676
689714
61134
442583
282062
794361
808675
299121
461908
42821
923513
168828
287769
464452
913612
989169
187825
801493
456422
830120
691422
352854
791052
660209
843262
745065
495050
120433
659997
443469
250712
703703
795962
9662
303580
975374
955687
86486
596552
153721
548829
890891
863603
772092
118522
438243
617014
881181
427567
806706
951350
599561
731305
326927
968823
221817
62607
777214
733412
292041
935838
62089
333584
582024
179607
292398
171807
295835
197726
650985
482979
625887
462067
810070
599342
199021
46251
946964
738748
654848
439192
49234
243609
305839
658679
367109
671460
720626
935601
947137
449680
566219
768585
88303
629591
261533
192266
423547
493069
512431
452972
946589
555268
834687
562349
346289
580043
357656
812799
492080
922467
839616
738690
569143
234672
874286
279278
676709
719667
537394
481052
61693
119851
643233
608581
816543
67187
470546
849145
926401
110122
864832
411648
449471
331477
673054
137615
133427
819050
436450
900136
999707
296235
215698
124384
738780
551365
270498
452028
385847
430078
940331
259753
742816
